x <- c(152.7 , 172.0  , 172.5 , 173.3 , 193.0 , 204.7 , 216.5 , 234.9 , 262.6 , 422.6)